100
2623 3781 -8674 -1516
6753 5922 3268 -62
5617 1732 9116 -2843
6537 -5437 -765 -5421
-6893 -1792 7451 9723
-5185 162 -6764 -7584
819 5471 8343 -6701
1593 4226 361 -3300
8105 5630 4506 7083
-1465 -7960 7979 -9540
-6944 3068 -9963 6173
916 -2008 656 -7937
-3740 8596 -2736 -2182
-5331 7792 4679 -7012
-7364 487 6644 6032
-6427 -123 8063 -462
-5911 7938 903 7704
-3342 9765 7931 9255
-575 4581 -6998 9539
2612 388 8862 -2067
-487 -3975 -3795 -3882
-8920 -1479 5614 -7737
-7057 -5733 -5100 -8734
-7371 7714 2821 7189
-969 7098 -2284 -2949
9326 3743 8995 -982
4764 6143 1710 -7301
627 -6221 5939 9237
986 -3762 -2037 -9469
-1119 -6162 -2776 2191
-4414 896 3963 -7963
-6704 -5205 -2832 -8518
8804 7504 9731 -7576
-9126 -5923 -3823 9868
8872 -6078 2819 -7001
2128 -6198 -8808 9841
-9292 -3624 -3939 -5941
5703 -3100 -7999 -9254
7833 3946 -6675 -1483
-7707 -2764 -7642 -135
1478 4289 -4092 -8000
6503 5306 -8710 9545
-6694 2821 -3468 -1476
1749 5408 8670 -4449
-3335 -8098 -4816 -4694
1216 7349 -1786 -6160
9555 4493 -4272 -9568
5454 3431 8648 6665
205 1703 2735 -1778
-4973 8369 -9593 5006
-7409 1007 -8503 7836
-797 -5582 -2132 5788
1541 9992 -567 1770
9342 -5664 167 2714
3579 -7355 -9951 9483
-3699 957 -4755 -2155
-2690 4684 2407 8617
3579 -8967 3181 8594
3704 -8468 -4572 4593
-7907 -1506 -4833 4626
7287 5966 8396 9791
-9998 -8725 6206 680
225 5299 -8367 3603
-3840 7975 -7265 -5724
-9518 3166 3680 360
-9889 -3004 -9532 -9923
7312 -6796 -3760 -6104
9934 -3496 -91 -826
-4029 -6718 5584 2998
-7335 -9285 -999 4843
-6207 -1596 -5629 7067
1372 -6229 -4940 -878
-9392 -8614 -8668 -3259
-1492 8296 312 2022
8594 -8624 9909 6203
5029 4268 2204 7626
-4158 -3190 2306 9238
-464 -9709 -5464 -5052
-1108 925 1059 2032
-6930 1083 -8832 -8650
-1166 -4631 -5104 9118
-513 1826 2936 7972
-5752 -386 -6236 5665
-2146 -8419 88 -4116
7139 -7678 -83 3211
764 -195 3589 -6440
-6743 8377 5767 5532
1045 1260 -5927 5698
-6199 6309 3976 -8761
-108 979 -4900 -4543
8497 2306 -7152 -7843
-7226 -3511 -2757 -7997
2609 -9743 -6787 2904
8234 7006 -504 4697
6011 9165 -2882 3862
-7259 2069 -2787 -1451
9176 -4542 4130 -3711
1747 -6232 -7908 -9095
7229 4798 -3392 -6104
6288 3040 -1596 -3210
